0.654
0.69725
0.7016249999999999
0.6988125
0.67490625
0.697203125
0.7538515625
0.78042578125
0.766712890625
0.7778564453125001
0.7814282226562501
0.7727141113281251
0.7813570556640625
0.7281785278320313
0.6243392639160157
0.5739196319580078
0.624959815979004
0.6267299079895019
0.624114953994751
0.6498074769973755
0.6679037384986878
0.6692018692493439
0.6728509346246719
0.701175467312336
0.701337733656168
0.695918866828084
0.709709433414042
0.681104716707021
0.7208023583535105
0.7601511791767552
0.7525755895883777
0.7577877947941889
0.7663938973970945
0.7661969486985473
0.7608484743492736
0.7799242371746369
0.7827121185873185
0.7483560592936592
0.7709280296468296
0.7462140148234149
0.7586070074117075
0.7658035037058537
0.7681517518529268
0.7673258759264634
0.7741629379632318
0.7603314689816159
0.7521657344908079
0.7768328672454039
0.804666433622702
0.757833216811351
0.7499166084056754
0.7832083042028377
